255 255 255 255 255 255 255 255 255 255 255 255 255 255 255 255
255 151 128 128 109 171 122 144 226 215 171 109 128 128 151 255
255 128 165 109 131 189 175 184  93 183 189 131 109 165 128 255
255 128 109  16 128 176 227  58  70  91 179 128  16 109 128 255
255 109 131 128  72 128  67 126 156 191 179  72 128 131 109 255
255 171 138 228 131 140  92 162 186 128 130 128 176 189 171 255
255 108  76 187 128 132 135 144 140 108 116  51 129 123 102 255
255 198  70 154  68 135  73  84 160 103 140  32  99 210 191 255
255 198  93 100  66  71  28 184 120  39 152   6 193 170 108 255
255 171 171  81  81 128 191 180 163  64  48  60  79 187 205 255
255 171 128 182 182 140 183  99 116 128  88 136 113 147 163 255
255 109 131 128  72 179  84  66  66  60 136 183  68 243 128 255
255 128 109  16 128 228 102 193 100 120  65 124   8 124 169 255
255 128 165 109 131 138  91 158 191 175  76 147 113 179 168 255
255 151 128 128 109 171 122 128 136 229  88 155 174 243 191 255
255 255 255 255 255 255 255 255 255 255 255 255 255 255 255 255
255 255 255 255 255 255 255 255 255 255 255 255 255 255 255 255
255 151 128 128 109 171 122 144 226 215 171 109 128 128 151 255
255 128 165 109 131 189 175 184  93 183 189 131 109 165 128 255
255 128 109  16 128 176 227  58  70  91 179 128  16 109 128 255
255 109 131 128  72 128  67 126 156 191 179  72 128 131 109 255
255 171 138 228 131 140  92 162 186 128 130 128 176 189 171 255
255 108  76 187 128 132 135 144 140 108 116  51 129 123 102 255
255 198  70 154  68 135  73  84 160 103 140  32  99 210 191 255
255 198  93 100  66  71  28 184 120  39 152   6 193 170 108 255
255 171 171  81  81 128 191 180 163  64  48  60  79 187 205 255
255 171 128 182 182 140 183  99 116 128  88 136 113 147 163 255
255 109 131 128  72 179  84  66  66  60 136 183  68 243 128 255
255 128 109  16 128 228 102 193 100 120  65 124   8 124 169 255
255 128 165 109 131 138  91 158 191 175  76 147 113 179 168 255
255 151 128 128 109 171 122 128 136 229  88 155 174 243 191 255
255 255 255 255 255 255 255 255 255 255 255 255 255 255 255 255
255 255 255 255 255 255 255 255 255 255 255 255 255 255 255 255
255 151 128 128 109 171 122 144 226 215 171 109 128 128 151 255
255 128 165 109 131 189 175 184  93 183 189 131 109 165 128 255
255 128 109  16 128 176 227  58  70  91 179 128  16 109 128 255
255 109 131 128  72 128  67 126 156 191 179  72 128 131 109 255
255 171 138 228 131 140  92 162 186 128 130 128 176 189 171 255
255 108  76 187 128 132 135 144 140 108 116  51 129 123 102 255
255 198  70 154  68 135  73  84 160 103 140  32  99 210 191 255
255 198  93 100  66  71  28 184 120  39 152   6 193 170 108 255
255 171 171  81  81 128 191 180 163  64  48  60  79 187 205 255
255 171 128 182 182 140 183  99 116 128  88 136 113 147 163 255
255 109 131 128  72 179  84  66  66  60 136 183  68 243 128 255
255 128 109  16 128 228 102 193 100 120  65 124   8 124 169 255
255 128 165 109 131 138  91 158 191 175  76 147 113 179 168 255
255 151 128 128 109 171 122 128 136 229  88 155 174 243 191 255
255 255 255 255 255 255 255 255 255 255 255 255 255 255 255 255

255 255 255 255 255 255 255 255 255 255 255 255 255 255 255 255
255 151 128 128 109 171 102 191 108 205 163 128 169 168 191 255
255 128 165 109 131 189 123 210 170 187 147 243 124 179 243 255
255 128 109  16 128 176 129  99 193  79 113  68   8 113 174 255
255 109 131 128  72 128  51  32   6  60 136 183 124 147 155 255
255 171 189 179 179 130 116 140 152  48  88 136  65  76  88 255
255 215 183  91 191 128 108 103  39  64 128  60 120 175 229 255
255 226  93  70 156 186 140 160 120 163 116  66 100 191 136 255
255 144 184  58 126 162 144  84 184 180  99  66 193 158 128 255
255 122 175 227  67  92 135  73  28 191 183  84 102  91 122 255
255 171 189 176 128 140 132 135  71 128 140 179 228 138 171 255
255 109 131 128  72 131 128  68  66  81 182  72 128 131 109 255
255 128 109  16 128 228 187 154 100  81 182 128  16 109 128 255
255 128 165 109 131 138  76  70  93 171 128 131 109 165 128 255
255 151 128 128 109 171 108 198 198 171 171 109 128 128 151 255
255 255 255 255 255 255 255 255 255 255 255 255 255 255 255 255
255 255 255 255 255 255 255 255 255 255 255 255 255 255 255 255
255 151 128 128 109 171 102 191 108 205 163 128 169 168 191 255
255 128 165 109 131 189 123 210 170 187 147 243 124 179 243 255
255 128 109  16 128 176 129  99 193  79 113  68   8 113 174 255
255 109 131 128  72 128  51  32   6  60 136 183 124 147 155 255
255 171 189 179 179 130 116 140 152  48  88 136  65  76  88 255
255 215 183  91 191 128 108 103  39  64 128  60 120 175 229 255
255 226  93  70 156 186 140 160 120 163 116  66 100 191 136 255
255 144 184  58 126 162 144  84 184 180  99  66 193 158 128 255
255 122 175 227  67  92 135  73  28 191 183  84 102  91 122 255
255 171 189 176 128 140 132 135  71 128 140 179 228 138 171 255
255 109 131 128  72 131 128  68  66  81 182  72 128 131 109 255
255 128 109  16 128 228 187 154 100  81 182 128  16 109 128 255
255 128 165 109 131 138  76  70  93 171 128 131 109 165 128 255
255 151 128 128 109 171 108 198 198 171 171 109 128 128 151 255
255 255 255 255 255 255 255 255 255 255 255 255 255 255 255 255
255 255 255 255 255 255 255 255 255 255 255 255 255 255 255 255
255 151 128 128 109 171 102 191 108 205 163 128 169 168 191 255
255 128 165 109 131 189 123 210 170 187 147 243 124 179 243 255
255 128 109  16 128 176 129  99 193  79 113  68   8 113 174 255
255 109 131 128  72 128  51  32   6  60 136 183 124 147 155 255
255 171 189 179 179 130 116 140 152  48  88 136  65  76  88 255
255 215 183  91 191 128 108 103  39  64 128  60 120 175 229 255
255 226  93  70 156 186 140 160 120 163 116  66 100 191 136 255
255 144 184  58 126 162 144  84 184 180  99  66 193 158 128 255
255 122 175 227  67  92 135  73  28 191 183  84 102  91 122 255
255 171 189 176 128 140 132 135  71 128 140 179 228 138 171 255
255 109 131 128  72 131 128  68  66  81 182  72 128 131 109 255
255 128 109  16 128 228 187 154 100  81 182 128  16 109 128 255
255 128 165 109 131 138  76  70  93 171 128 131 109 165 128 255
255 151 128 128 109 171 108 198 198 171 171 109 128 128 151 255
255 255 255 255 255 255 255 255 255 255 255 255 255 255 255 255

255 255 255 255 255 255 255 255 255 255 255 255 255 255 255 255
255 191 239 172 143  79 233 127 127 118 167 106 127 127 151 255
255 161 175 107 159  79 179 191 151  83 139 133  95 165 127 255
255 162 127  14 127  64 111 103 179 108 217 128  15 120 127 255
255 127 239  70 187 131  59  65  65  87 175  75 127 130 112 255
255 159 149 110 139  83 127 115 101 183 139 185 179 127 175 255
255 203 185  72  63  45  63 167 181 187 127  77  83 171 175 255
255 103 177 194   0 159  33 128 179  23  73  68 103  98 209 255
255 191 199  95  31 143 103 151  79  75 135  71 159  63 199 255
255  95 121 130  43 119 111 131 149 132 132 127 191  71 111 255
255 167 192 172 127 128 127 186 165  83 143 133 231 133 175 255
255 104 130 127  67 183 191 151 125  65 127  75 127 130 112 255
255 127 100  23 127 183  86  68  65 223 172 127   7 115 127 255
255 127 160 112 127 193 182  95 185 171 184 133 103 169 127 255
255 147 127 127 107 171 219 227 139 119 171 109 127 127 155 255
255 255 255 255 255 255 255 255 255 255 255 255 255 255 255 255
255 255 255 255 255 255 255 255 255 255 255 255 255 255 255 255
255 191 239 172 143  79 233 127 127 118 167 106 127 127 151 255
255 161 175 107 159  79 179 191 151  83 139 133  95 165 127 255
255 162 127  14 127  64 111 103 179 108 217 128  15 120 127 255
255 127 239  70 187 131  59  65  65  87 175  75 127 130 112 255
255 159 149 110 139  83 127 115 101 183 139 185 179 127 175 255
255 203 185  72  63  45  63 167 181 187 127  77  83 171 175 255
255 103 177 194   0 159  33 128 179  23  73  68 103  98 209 255
255 191 199  95  31 143 103 151  79  75 135  71 159  63 199 255
255  95 121 130  43 119 111 131 149 132 132 127 191  71 111 255
255 167 192 172 127 128 127 186 165  83 143 133 231 133 175 255
255 104 130 127  67 183 191 151 125  65 127  75 127 130 112 255
255 127 100  23 127 183  86  68  65 223 172 127   7 115 127 255
255 127 160 112 127 193 182  95 185 171 184 133 103 169 127 255
255 147 127 127 107 171 219 227 139 119 171 109 127 127 155 255
255 255 255 255 255 255 255 255 255 255 255 255 255 255 255 255
255 255 255 255 255 255 255 255 255 255 255 255 255 255 255 255
255 191 239 172 143  79 233 127 127 118 167 106 127 127 151 255
255 161 175 107 159  79 179 191 151  83 139 133  95 165 127 255
255 162 127  14 127  64 111 103 179 108 217 128  15 120 127 255
255 127 239  70 187 131  59  65  65  87 175  75 127 130 112 255
255 159 149 110 139  83 127 115 101 183 139 185 179 127 175 255
255 203 185  72  63  45  63 167 181 187 127  77  83 171 175 255
255 103 177 194   0 159  33 128 179  23  73  68 103  98 209 255
255 191 199  95  31 143 103 151  79  75 135  71 159  63 199 255
255  95 121 130  43 119 111 131 149 132 132 127 191  71 111 255
255 167 192 172 127 128 127 186 165  83 143 133 231 133 175 255
255 104 130 127  67 183 191 151 125  65 127  75 127 130 112 255
255 127 100  23 127 183  86  68  65 223 172 127   7 115 127 255
255 127 160 112 127 193 182  95 185 171 184 133 103 169 127 255
255 147 127 127 107 171 219 227 139 119 171 109 127 127 155 255
255 255 255 255 255 255 255 255 255 255 255 255 255 255 255 255

255 255 255 255 255 255 255 255 255 255 255 255 255 255 255 255
255 151 127 127 108 171 171 198 198 107 171 108 127 127 151 255
255 127 165 108 130 127 171  92  70  75 137 130 108 165 127 255
255 127 108  16 127 182  80  99 153 187 228 127  16 108 127 255
255 108 130 127  71 182  80  65  67 127 130  71 127 130 108 255
255 171 137 228 179 139 127  70 134 131 139 127 176 189 171 255
255 121  91 102  83 183 191  28  72 135  91  66 227 175 121 255
255 127 158 193  65  98 180 183  83 144 162 125  58 184 143 255
255 135 191  99  65 115 163 119 160 139 186 155  69  92 226 255
255 229 175 119  59 127  63  39 102 107 127 191  90 183 215 255
255  87  75  64 135  87  47 151 139 115 129 179 179 189 171 255
255 155 146 123 183 135  59   6  32  50 127  71 127 130 108 255
255 174 113   8  67 113  78 193  99 129 176 127  16 108 127 255
255 243 179 123 243 147 187 170 210 123 189 130 108 165 127 255
255 191 167 168 127 163 205 107 191 101 171 108 127 127 151 255
255 255 255 255 255 255 255 255 255 255 255 255 255 255 255 255
255 255 255 255 255 255 255 255 255 255 255 255 255 255 255 255
255 151 127 127 108 171 171 198 198 107 171 108 127 127 151 255
255 127 165 108 130 127 171  92  70  75 137 130 108 165 127 255
255 127 108  16 127 182  80  99 153 187 228 127  16 108 127 255
255 108 130 127  71 182  80  65  67 127 130  71 127 130 108 255
255 171 137 228 179 139 127  70 134 131 139 127 176 189 171 255
255 121  91 102  83 183 191  28  72 135  91  66 227 175 121 255
255 127 158 193  65  98 180 183  83 144 162 125  58 184 143 255
255 135 191  99  65 115 163 119 160 139 186 155  69  92 226 255
255 229 175 119  59 127  63  39 102 107 127 191  90 183 215 255
255  87  75  64 135  87  47 151 139 115 129 179 179 189 171 255
255 155 146 123 183 135  59   6  32  50 127  71 127 130 108 255
255 174 113   8  67 113  78 193  99 129 176 127  16 108 127 255
255 243 179 123 243 147 187 170 210 123 189 130 108 165 127 255
255 191 167 168 127 163 205 107 191 101 171 108 127 127 151 255
255 255 255 255 255 255 255 255 255 255 255 255 255 255 255 255
255 255 255 255 255 255 255 255 255 255 255 255 255 255 255 255
255 151 127 127 108 171 171 198 198 107 171 108 127 127 151 255
255 127 165 108 130 127 171  92  70  75 137 130 108 165 127 255
255 127 108  16 127 182  80  99 153 187 228 127  16 108 127 255
255 108 130 127  71 182  80  65  67 127 130  71 127 130 108 255
255 171 137 228 179 139 127  70 134 131 139 127 176 189 171 255
255 121  91 102  83 183 191  28  72 135  91  66 227 175 121 255
255 127 158 193  65  98 180 183  83 144 162 125  58 184 143 255
255 135 191  99  65 115 163 119 160 139 186 155  69  92 226 255
255 229 175 119  59 127  63  39 102 107 127 191  90 183 215 255
255  87  75  64 135  87  47 151 139 115 129 179 179 189 171 255
255 155 146 123 183 135  59   6  32  50 127  71 127 130 108 255
255 174 113   8  67 113  78 193  99 129 176 127  16 108 127 255
255 243 179 123 243 147 187 170 210 123 189 130 108 165 127 255
255 191 167 168 127 163 205 107 191 101 171 108 127 127 151 255
255 255 255 255 255 255 255 255 255 255 255 255 255 255 255 255
